7806143871
1101059443
4345457243
7736325280
9703216144
3507315780
2222789005
6324014734
4411002876
440702000000
3500010997
6163155499
6706004840
7816599430
6727018516
3500011856
7726590867
6454130019
3525067628
3811453455
1832154653
120302000000
430200000000
246522000000
7725262750
7816636428
1001344729
4704020628
6686040076
5919033989
5910006892
7805739460
2465355715
7603073869
3525419703
3525483265
3525407867
2927003252
5047148386
4205416568
3518009865
9721108342
7014062708
4345503274
5047254377
7807276987
6317165436
6670395299
3525489436
3706027899
1650363290
7810116817
380414000000
1101173280
7723932209
3525483339
5919008439
6451020804
6166045208
4703163535
268004714
1328020747
7709858507
2502069070
7017486342
3500006038
4400017528
5029211081
3525477350
8622002583
1800003500
271701000000
6318165742
7803044390
3804049996
6732241414
7710277994
4704094010
4727005672
7724767692
7708503727
3525336101
7802897973
3808223170
2465359075
4705065491
7810771830
665501000000
3327111515
7801737504
9721090286
6318192993
7805732779
7449063489
1686023219
1101179726
3805714691
3252008726
5905285922
2723188421
1840070622
9715409550
1115005208
2722117820
5902154368
3700022710
7611017272
3502006026
3525013608
4715014908
273900635
1831081018
5405998523
1660251958
5406789836
1838000466
7452103420
6230095287
7724850252
277944129
5902835494
7806550764
7724308650
5410064430
3500013300
4632178042
7810609097
7720475995
266019144
2634082840
5038085482
7720488183
3517804028
7453258755
6612033719
7704450979
2905011718
1832140308
2464154910
7820323361
1840006793
3906983570
6311110254
4347035198
6670473243
7448193365
5903046380
6623109342
7203378619
4423002983
3525142480
7017026105
6950043966
5005058204
4628007630
6154099865
5906044006
6102062261
6102031880
2539051993
7325159163
9704036659
3123458325
5005060309
7703460607
5403327880
5050139110
2921010060
7814609115
6623135543
3435112668
7842469702
3525393332
6714034380
7716786902
7456029432
6659163992
6670429050
4601005466
7728819045
6658452487
4217001705
2312254149
6732035034
7806288669
7811602746
6950141723
6318188718
3525474623
7839427526
3528331461
3811161999
1840076906
6350026888
5410773839
5503209174
5410788289
1101151216
3525398041
1001184930
3525242904
3123404129
5262357053
6163080451
7610123246
1835070842
7609028502
6619025724
3702529626
3525367244
6227008823
2127024246
1832077215
561059835
7726524504
2315215250
9710052948
7736327209
7446053186
3443132643
7610131783
278964270
6312190661
2312182141
2224138129
7810223960
1650253113
2466077098
7802740605
5190075635
7839111988
3525468700
5049019393
7100016053
7743167556
7602134734
5044108000
7816599430
5906149930
7838057696
3525387730
3128065102
9203547483
5190409285
3525330710
5948051037
2315094888
5001112637
2317044642
7722767954
2464228792
7811280136
3525346614
3509005014
3525374763
6453158639
7802888190
6909010832
1001204898
6686042482
3528286089
7806551969
7017418085
7602148575
7802743910
3235001907
1207009604
7841331814
5022050364
5919998306
5941949671
4205302793
273926760
7106024999
7605020630
7811486200
6161086264
7447287099
7811735520
2123008677
4205228028
3525475634
2904028557
5029200146
2465238169
5948042875
1648053974
5257167106
7814327417
7602084515
3328494363
3728016259
4704030168
3525091395
3704006406
7325027311
3525392201
4826121790
5614072221
7810016139
6670483192
6312211671
277923489
1328007626
6686103270
5042025951
9715000083
3662294950
2721216514
7810324609
4705087819
3525406895
1326249370
7810738014
2466183272
7726427483
3525466781
3812062550
3435033543
2349027946
6167063376
2724197595
7814613087
5904386251
7449039327
5611069284
2636214717
2130198524
7718917036
6732229953
3241501908
7805003173
1655421989
2221253846
1328007827
7816722620
7203361012
7810068810
6658489984
6451002178
3525437068
3305793857
7725202374
7704217370
3528090760
2918012282
3812073921
6677013647
6945002185
3525385250
3808218613
1832148258
3666242463
184103000000
352817000000
3525463438
292002000000
9729115888
5018187285
1684020170
3500010370
6658563074
5404213620
2465175670
1101179243
7727219359
3509011480
5262364170
3525310840
7327098999
111800000000
751903000000
2224216673
7814817901
6922003175
2906008972
4345505803
3849104968
3702173666
5753070052
3326012776
2465305721
4313010195
1101091334
4401195940
7017386394
7715841830
5902003337
3703020158
4632209597
760203000000
862201000000
4715022634
3507004819
2464125081
2465369838
3500002724
290703000000
7726580844
4345520880
6316159366
9721112395
7727475610
7806499998
6915016254
2466282675
2221260770
3254511340
245000000000
1650110764
7456009362
246413000000
561013000000
592006000000
112106000000
233301000000
245405000000
351101000000
524930000000
560914000000
694000000000
261706000000
380118000000
434600000000
352525000000
592100000000
245405000000
352528000000
246307000000
352505000000
352533000000
111302000000
110900000000
301507000000
351400000000
711401000000
666308000000
662346000000
366225000000
366201000000
212701000000
732701000000
263409000000
505201000000
291100000000
4012006149
7731632030
7460060153
5904401862
3523017501
5321163221
5038036809
442000000000
2466176074
291102000000
1646041130
7451467513
6700032591
360800000000
1635011046
7302030371
7806583600
470103000000
5431106762
2703082018
9701315051
7300022110
1832167564
2014043978
772882000000
2901277523
352516000000
4400024518
1101154680
3666150325
8901012214
4705013310
352531000000
3907025309
1109015649
9704181590
5602025570
3525487020
3525263823
2700027523
7736334630
7816302591
3509012928
1831192977
7702464694
9704086579
3525477582
4400026191
7734471863
431900000000
3525460814
8615010921
2311082835
2901011040
7842224396
2454003302
7810093045
3805704929
2465249361
2901311982
7814485597
5918019533
7727485840
900100000000
2222789799
4345384612
3525314806
5906104576
4600001613
5262130768
9705164607
4345409063
2901319886
1650425027
6330080005
244603000000
3507315885
3525158434
7702513119
693501000000
695005000000
741513000000
380408000000
9714029080
3500008540
2463123099
772147000000
661002000000
6626022330
3810063029
7806562209
245404000000
3702173320
5257218375
6686120444
3525040383
5981009963
4715023300
380415000000
3812535125
4416004348
4401139550
1121026894
4338009120
381705000000
442301000000
5259065597
7017419554
4345514068
5003106847
6321251230
2901284263
2906000194
6161100991
1660173509
1215225567
8603183221
1112003019
7452019440
7603070360
1435324891
6003004974
3525421406
6671009450
3525437692
7726402785
4345415204
3525344198
6453135649
3525419527
3528265265
6672307259
3525399976
1659162735
7805291330
2901259450
411165111
1001147086
2901169581
7806502312
4715031653
9203542421
3525331939
5228056680
7842059520
4401148065
2901196916
3525153370
4345475517
6454115998
6163212267
2315207147
268025986
4408002435
6685072766
7807209797
7718185030
3525347142
6659216771
2130108256
7802655653
7722451340
7620005900
3525218718
3123443696
4345424833
1101053547
1001315968
6901023357
5919850557
2221201478
1001322059
3460060910
3525164244
5934030196
2635230226
5921007190
7816679661
3523011161
7604320180
5259069908
4401143236
6166059031
5308003042
7449035442
3525342828
3525330364
7733857053
3525349414
3525406334
3525223500
3525065282
8602255554
6453156470
352515000000
440315000000
352602000000
352527000000
520701000000
332701000000
212403000000
351201000000
110103000000
780710000000
350500000000
583513000000
352600000000
344600000000
292007000000
352505000000
110118000000
181100000000
52205909258
351600000000
3525156300
6671189764
1830000383
273009690
6680008541
2724249395
3525458903
3804118512
3525463653
7017206267
3525454384
3525483307
7017443444
4345517319
2919006490
7703379473
105000819
1828032780
9728005956
7721847981
2463103832
5918838116
2922009902
1007023224
7606111174
3510007697
6732247261
3525426845
7816652652
3525210363
7816446466
3517003099
3525297639
6167106982
3525428881
3525347135
7820069490
3525403453
3527022990
6632019864
2924005741
3525375781
4426003583
3525299900
7814651276
4703145180
3525282424
2901305058
5981001072
3525423347
7722384856
7811611571
7727318631
5018196561
3525461663
2311301967
3317004271
2721162097
7449134531
4711003373
3511004498
9729348561
7451312799
350700000000
771594000000
462902000000
350703000000
290701000000
350100000000
292201000000
352600000000
5262291356
380415000000
7802942129
444400000000
1001311402
3525023596
7807244093
6714046058
3804114331
3525382789
9729009456
6162067000
6829164202
5190013685
2918010221
7820056437
3525485738
3515000688
3525469800
4345433228
7604286161
7714095226
7802651000
5050155249
7802863702
3527023496
4400008107
2308091607
6732109293
3527010088
5038162553
4427002536
5247055812
3525378180
2901237898
2922005915
2922008296
3525218997
3525418178
7611028316
3902069461
3525289483
3525484188
8617013396
7709340842
3525301162
6234142724
3525154260
5262375091
4400008516
6027078975
3509007251
7802884269
3525092688
3507314585
1109008546
3815008575
7842386630
7610132988
6164005087
3525430143
7814707352
2721137975
1003004870
1106027879
3702103757
2922008024
7814714021
3505004059
5247054576
3528265755
3518007360
6950029288
6027179236
5919009792
3527016604
2901249445
2922009941
3525470570
4429004183
7719488407
2911005374
5948061571
3525353717
6729020648
2808001351
2329020928
2922008546
3525270267
3525279911
3525223267
3525453020
3525273042
4411001022
3505005126
2712013081
7734383279
3505004605
1106026145
5262389055
5948052175
2465141008
4725007787
3525202429
3525127531
2635210124
5260491582
3500002918
2901225910
350600000000
352509000000
271004000000
292201000000
290108000000
442700000000
590772000000
550313000000
352801000000
591911000000
3525488048
3525430070
3525468796
1110002203
4421005820
2700014436
7017301665
5906061940
7719718837
6623097256
2722129712
5948044858
3711049841
3804119594
7017486945
7902526690
7736197528
8622022533
3525424502
4345347402
2543121428
3503003564
4401190370
4414017180
5317003271
5001102734
2920014583
3525462956
2901170756
3250055520
6929005686
3525418315
4314006177
1109009324
4345282018
3525093314
3812073921
2225210770
3525448550
7801643937
2725093694
7817304376
2540149954
5321204051
6950030981
3528258155
3525258686
5027231710
3525477462
2902084891
3525255727
4715018483
5309007057
8622020141
3808238480
3525367580
2901151295
3502005784
3804027336
7000001529
6939004924
1121010862
3525397584
2454023732
1001331166
6922003792
3327851647
7805778893
2447007401
3523023047
4704089387
7801291795
7107125020
5906061940
2261004123
2454028508
1632016208
3525450774
1001255116
1101036118
6913017566
6679068546
1014016676
2912006229
5919029527
2723056440
4421005851
3526022972
3711044410
6911030057
3525389167
4345470766
5307008538
3525250581
1004018240
5948045410
1006009280
3507311425
4319000370
2923005227
4710023930
3711026107
7802589305
3526037094
3702539857
3525453609
2911005423
2454021220
7814078104
2724218630
2724218630
2724218630
1001083996
2722103224
7901542918
3525462018
2465175705
5902886770
3505002380
9729008340
3525425954
6732177215
6685160839
6944009325
6658193730
2454023193
2912006155
3525395548
3509012967
1003000385
351700000000
594900000000
245400000000
431901000000
352500000000
352605000000
272116000000
290409000000
26509960790
111601000000
351200000000
290405000000
291101000000
402000000000
291100000000
430500000000
90107399113
372103000000
472600000000
371600000000
111400000000
291200000000
351700000000
442600000000
252400000000
351200000000
3527008610
3527008949
2906000194
3525076372
3525268892
1646048224
3525209569
5321123934
6234162470
6684022096
6941004583
4337003599
7816325704
711603000000
6318226240
7708512577
4437000305
3525070395
7743355800
4220031509
3525000920
1435329709
7604104809
1101154721
2907013679
6950171816
3527022365
7729768379
3525287729
6915016222
7813276167
1004014895
3525422061
3514008395
3811175952
1020018199
7736300327
3514007514
3527018425
4813028183
7805770340
6313534675
4345437720
5045063754
5045059765
3525218789
3525368343
3525457160
4426002759
3507011781
4704082800
6685154754
3512005960
3527021386
5903133392
4400010811
6454050003
3525150717
7705384359
1821006068
3525314997
7814795990
5311006780
4406008400
3525277008
3525211536
3525366402
7743191005
3525454070
1001263766
2907015563
1001293337
7017375160
3306018233
3525412480
4826126910
3508010004
3525374185
3304025098
3525202740
5263107930
7814798906
3508010029
7734388407
7820058466
3702527308
3512004885
7726425528
3525334672
3525318159
4716041541
3525476733
3123115984
1215223288
3509011233
3233502560
2920016220
3525409624
1020016770
5032111175
3525471421
7713653767
24503277224
100602000000
432601000000
350800000000
432000000000
350200000000
350500000000
292103000000
350705000000
661903000000
694402000000
601302000000
350201000000
352507000000
291101000000
350701000000
5027280876
4217204769
7743355800
1101205461
1101148661
1101148661
2901280685
4345413831
4345413694
7816652652
7816652652
2901239704
1101053226
1109010658
7802843880
4345505916
1101058030
1101158927
5907023055
1121021670
1112003481
7810541586
1116009734
5032298702
1109015617
1101153277
1114003938
1101165650
1101169950
1101160980
4323003983
1121010118
1101176394
1101165674
111001000000
434581000000
111400000000
110117000000
111201000000
111602000000
110200000000
434521000000
2463244583
1101300281
1101205461
5609198959
7722313559
3525405517
352514000000
2130012321
9725124345
6732243771
2130201657
3525429081
7724452854
3525339335
7707267266
3906270393
7456038148
3525451827
6154156094
7811783637
6732218920
3804028121
3665812047
4632262343
6318194045
7721348894
5406813687
6660137980
7743327351
7202208519
7203179959
3525226853
1832167437
3527022284
3812159569
6316281863
6670491323
5507221479
7448223500
4205238280
4205393631
1660354061
6454117378
3810326937
1650270790
7720884317
5257097025
5405492543
6315597600
276911106
7448198934
4631008739
7724481365
6319721368
1832107276
6451007546
7604339198
7452147668
4217081972
9710008385
5904290888
7727827847
9201013158
2901294230
5837018852
7706543435
3128102900
2225051329
6658518593
6674316347
6686050525
1832102052
6670431395
7325168714
3327105631
1840024104
5007098403
5262068534
7447304273
3528337061
6685006347
6452951108
6316206182
7726395070
4217191358
1328017166
2311195780
7602115273
5503259048
6168064703
3428981875
2225198522
6025050653
7723743240
9715233881
7724397480
7751197794
2222892348
2224061483
3525451552
7718300170
1660286975
5610240644
9725004520
7448164808
3528333437
6732199530
5948044713
3525437491
7806055738
9102049330
2634037830
7204200089
1658246541
3123302536
6312118288
7804516077
6679068610
6154072782
3245004985
6230115656
5027192549
4632181888
3329028598
6686122610
3804114606
2901222531
7810902916
6312144778
7327043140
7724340269
3102051218
6453109776
6318205515
4253044493
6230058221
3666209681
7733347574
6455056400
7017431181
7811464905
7603031435
7804686720
7806274560
265043747
4330008157
7722835080
4253044905
7734370512
3525417093
1835048879
6901089573
7453323588
5904087205
1840107216
7805540918
7017373363
7716785610
5906161905
6829004544
4501124043
4028058061
7202005614
3525428225
2312147387
7733655297
3662266921
6670460519
2536236989
7404050338
3849091490
1121016134
7842109393
7705552099
5904249128
5243018129
4345302779
3128150157
5405392997
6732184893
3123294109
9701176136
7724934216
5007094230
7802725082
7452096734
3810077286
7729782302
7449106260
6230100057
7415107480
5001119784
2302037530
6659107892
9729336485
1659169593
6319080241
7603000839
5906032184
7707214218
2464141848
2308273477
7717759073
6450087041
7722465583
4346016925
9729023186
6230100427
6732077891
9724090911
6318033827
5703007619
277105719
4217170284
9724057618
3235011849
3257009473
3525364028
6314038817
9718077870
3328424969
1001224414
5904102534
273930728
7810889736
5263088364
3525333358
7810412559
3808276943
7743308574
5047175742
3808218042
3443146572
3661060815
3528272512
3808050907
2223970006
7627052716
9723125657
6162076607
6162081692
7811222092
5001130940
7721386064
2901294649
6319180920
5911077543
1650354489
5260034931
7816694437
2224074860
4312152214
5258030930
3245015987
1656099877
4715014908
5260389211
4825020630
7735583601
7716892210
3525448951
5404085961
9726053591
3525483716
5029224891
3460079372
3500002308
3525255340
2301057967
1300001085
673209000000
502706000000
503609000000
71687352700
434601000000
32609186940
432204000000
615508000000
772394000000
343003000000
190160000000
262410000000
632207000000
110900000000
732606000000
614317000000
575404000000
345915000000
231909000000
212703000000
526318000000
165050000000
91703574209
616899000000
760500000000
3435143151
2315216600
2311203039
3731019002
501202000000
6685101488
9718177794
3525187989
6321327175
5029190956
7727424703
6732246853
3663162516
2301049081
